[
    {
        "passengers": [
            45,
            47,
            47,
            49,
            58,
            61,
            70,
            71,
            90,
            93
        ],
        "departs": 0
    },
    {
        "passengers": [
            2,
            8,
            12,
            19,
            21,
            23,
            28,
            29,
            42,
            43
        ],
        "departs": 0
    },
    {
        "passengers": [
            5,
            11,
            11,
            34,
            34,
            35,
            35,
            36,
            44,
            87
        ],
        "departs": 129
    },
    {
        "passengers": [
            1,
            4,
            5,
            12,
            27,
            36,
            44,
            70,
            78,
            79
        ],
        "departs": 279
    },
    {
        "passengers": [
            1,
            6,
            19,
            26,
            45,
            53,
            60,
            75,
            91,
            95
        ],
        "departs": 390
    },
    {
        "passengers": [
            4,
            12,
            14,
            27,
            37,
            46,
            57,
            75,
            87,
            88
        ],
        "departs": 516
    },
    {
        "passengers": [
            4,
            7,
            18,
            21,
            25,
            34,
            40,
            53,
            61,
            80
        ],
        "departs": 675
    },
    {
        "passengers": [
            3,
            16,
            44,
            66,
            66,
            82,
            82,
            85,
            90,
            90
        ],
        "departs": 780
    },
    {
        "passengers": [
            15,
            45,
            61,
            64,
            64,
            66,
            70,
            74,
            78,
            86
        ],
        "departs": 915
    },
    {
        "passengers": [
            15,
            20,
            21,
            40,
            49
        ],
        "departs": 1173
    },
    {
        "passengers": [
            52,
            62,
            67,
            71,
            89
        ],
        "departs": 1173
    }
]